1
2
3
4
8
9
19
22
36
37
40
48
49
65
67
69
84
85
86
129
140
141
165
169
170
171
172
195
196
197
205
275
278
280
281
284
289
294
298
301
315
317
318
329
335
336
340
341
352
361
362
373
374
375
379
380
381
386
387
389
391
392
393
400
401
407
409
410
411
416
421
422
424
426
427
428
429
430
431
436
446
453
480
499
500
504
534
544
546
548
549
550
551
552
553
561
574
575
576
577
578
588
591
592
593
594
596
605
606
607
615
616
617
618
619
620
621
622
626
627
629
630
631
632
633
634
641
645
646
657
658
659
661
663
746
755
756
757
758
759
760
761
762
763
764
765
766
769
771
779
793
833
834
852
853
854
855
858
863
865
883
884
885
892
895
896
899
900
917
929
932
933
934
939
940
941
942
943
945
946
953
955
958
959
960
961
962
963
965
966
967
968
969
970
971
1002
1003
1004
1005
1006
1007
1008
1042
1048
1054
1059
1065
1066
1067
1068
1069
1077
1079
1083
1087
1088
1089
1090
1091
1092
1097
1123
1150
1151
1154
1156
1157
1160
1173
1174
1187
1188
1193
1194
1266
1267
1269
1272
1273
1274
1275
1283
1288
1289
1294
1334
1337
1367
1434
1435
1436
1437
1439
1442
1449
1450
1451
1452
1453
1454
1455
1458
1459
1460
1470
1472
1475
1476
1477
1478
1489
1500
1523
1524
1527
1528
1529
1539
1547
1548
1549
1550
1553
1554
1569
1576
1577
1578
1579
1580
1581
1582
1583
1584
1585
1586
1592
1605
1606
1612
1614
1639
1671
1674
1678
1681
1682
1684
1685
1686
1707
1747
1753
1763
1764
1765
1767
1771
1772
1773
1774
1784
1789
1790
1791
1792
1793
1798
1799
1800
1801
1802
1803
1804
1810
1813
1814
1820
1828
1831
1835
1837
1841
1842
1846
1910
1965
2019
2066
2076
2124
2196
2199
2227
2228
2229
2230
2231
2234
2237
2253
2258
2314
2315
2316
2370
2371
2436
2437
2447
2448
2519
2570
2572
2592
2599
2601
2602
2603
2604
2607
2608
2611
2612
2614
2615
2617
2618
2622
2625
2626
2627
2628
2629
2630
2631
2632
2633
2634
2635
2636
2637
2655
2716
2717
2718
2720
2721
2722
2723
2724
2725
2726
2727
2748
2753
2757
2758
2785
2786
2788
2801
2815
2817
2837
2838
2840
2841
2888
2890
2891
2893
2932
2933
2937
2938
2939
2940
2946
2947
2952
2953
2954
2955
2956
2958
2959
2961
2962
2963
2964
2965
2967
2970
2979
2980
2981
2982
2983
2984
2985
2988
2990
2992
2994
2996
2997
2998
3006
3015
3017
3018
3025
3037
3057
3070
3074
3093
3094
3095
3097
3098
3099
3102
3103
3104
3105
3106
3107
3108
3121
3126
3131
3132
3134
3135
3136
3137
3138
3141
3142
3144
3145
3147
3148
3149
3150
3151
3152
3153
3154
3156
3157
3166
3167
3168
3170
3172
3173
3174
3175
3177
3178
3179
3180
3186
3187
3211
3228
3229
3241
3246
3247
3269
3282
3292
3298
3333
3335
3337
3381
3419
3422
3424
3425
3429
3464
3467
3508
3511
3512
3514
3516
3520
3521
3587
3588
3595
3605
3606
3608
3609
3611
3617
3618
3619
3620
3621
3623
3627
3628
3629
3630
3631
3632
3633
3634
3635
3636
3637
3638
3639
3640
3646
3648
3649
3650
3659
3670
3678
3684
3685
3706
3713
3716
3720
3721
3727
3728
3729
3730
3731
3732
3736
3741
3754
3755
3777
3781
3785
3786
3787
3788
3789
3790
3791
3792
3794
3795
3796
3797
3798
3799
3800
3801
3803
3805
3806
3807
3809
3816
3818
3819
3821
3822
3823
3843
3845
3873
3882
3889
3905
3908
3909
3926
3952
3962
3963
3965
3967
3968
3969
3970
3971
3974
3975
3981
3982
3983
3984
3989
3991
3992
3995
3996
4005
4016
4029
4031
4032
4035
4036
4037
4038
4039
4040
4041
4051
4117
4147
4165
4215
4218
4219
4220
4221
4222
4224
4225
4226
4227
4228
4229
4230
4231
4232
4233
4234
4235
4236
4237
4238
4239
4240
4241
4242
4243
4244
4245
4247
4248
4249
4250
4251
4252
4253
4254
4255
4256
4257
4261
4266
4267
4291
4296
4297
4299
4304
4306
4311
4315
4317
4318
4348
4352
4353
4363
4367
4368
4371
4377
4382
4383
4384
4385
4386
4388
4389
4390
4392
4393
4394
4395
4396
4397
4398
4399
4400
4401
4402
4403
4406
4407
4408
4409
4410
4411
4412
4413
4414
4415
4421
4422
4423
4424
4425
4429
4430
4431
4432
4433
4434
4435
4436
4437
4438
4439
4440
4441
4442
4443
4444
4445
4446
4447
4448
4456
4457
4460
4461
4462
4463
4464
4465
4466
4486
4487
4501
4507
4515
4520
4525
4526
4539
4540
4541
4542
4544
4547
4548
4549
4550
4553
4557
4559
4560
4569
4576
4583
4585
4587
4588
4612
4613
4618
4622
4623
4624
4627
4629
4637
4643
4644
4645
4646
4647
4649
4650
4651
4652
4653
4654
4658
4661
4668
4669
4670
4676
4677
4678
4679
4681
4682
4684
4698
4702
4703
4706
4711
4713
4714
4715
4724
4725
4726
4727
4728
4729
4730
4731
4732
4733
4734
4735
4738
4739
4740
4741
4742
4743
4744
4745
4746
4749
4751
4752
4771
4823
4825
4826
4830
4831
4832
4836
4837
4838
4839
4851
4856
4872
4900
4901
4902
4903
4905
4911
4913
4915
4916
4917
4918
4919
4920
4921
4922
4924
4925
4926
4927
4928
4930
4935
4939
4941
4942
4944
4949
4950
4953
4954
4957
4979
4981
4983
4984
4985
4986
4987
4988
4990
4991
4994
4995
4996
4998
4999
5007
5017
5018
5019
5020
5021
5022
5023
5025
5029
5031
5032
5034
5035
5036
5037
5043
5046
5047
5049
5050
5052
5053
5057
5058
5059
5060
5061
5063
5091
5092
5094
5099
5100
5101
5110
5111
5112
5113
5120
5122
5123
5124
5125
5128
5130
5135
5143
5144
5145
5146
5156
5158
5175
5177
5183
5184
5185
5192
5197
5198
5204
5206
5207
5208
5219
5222
5223
5225
5226
5228
5235
5237
5239
5240
5241
5242
5243
5244
5247
5258
5261
5262
5263
5269
5270
5272
5273
5284
5299
5300
5304
5306
5307
5314
5315
5316
5317
5318
5319
5320
5321
5323
5324
5328
5332
5335
5342
5344
5348
5350
5355
5364
5397
5408
5409
5410
5419
5420
5422
5441
5446
5472
5473
5474
5475
5479
5488
5489
5512
5514
5532
5535
5536
5537
5538
5539
5540
5541
5542
5543
5544
5545
5546
5547
5548
5551
5552
5553
