1
2
4
5
11
14
15
16
19
20
23
24
25
26
28
29
30
31
32
33
34
37
39
41
42
44
45
50
51
52
53
54
55
61
64
68
70
72
73
76
77
79
80
81
82
83
89
91
92
93
94
97
98
101
103
104
105
106
108
112
113
114
115
119
123
124
126
128
130
131
132
134
137
138
139
140
141
143
145
146
147
148
149
151
154
156
165
173
175
180
181
182
183
184
186
187
189
192
195
201
202
205
206
207
208
212
217
218
219
221
225
230
231
233
234
235
236
237
238
239
243
244
245
246
247
248
250
253
254
258
260
266
267
268
270
271
277
278
288
291
295
296
297
299
302
303
304
305
306
313
318
319
322
325
326
328
329
333
334
335
338
339
345
346
348
350
351
352
353
356
358
361
362
363
364
368
369
370
373
374
377
378
379
383
384
386
388
389
393
394
400
401
404
405
409
410
411
412
415
418
419
422
423
425
428
430
434
435
439
440
441
442
443
445
446
447
450
452
454
455
456
459
460
462
468
470
471
472
473
474
475
476
477
479
480
481
482
483
486
487
488
490
491
493
494
497
500
502
504
506
507
509
513
514
519
524
526
529
533
535
536
538
539
540
543
544
546
547
550
551
553
554
560
561
562
564
570
571
572
574
575
577
580
584
585
587
588
590
592
593
594
595
597
598
600
604
605
606
607
610
612
613
615
617
618
620
622
624
625
626
627
628
629
631
632
633
635
638
639
641
642
643
645
646
647
652
655
657
659
663
664
667
668
669
670
672
673
675
676
677
680
682
683
684
685
687
688
689
691
694
695
697
698
699
704
706
707
708
709
710
713
720
722
723
724
725
728
736
741
742
743
745
749
751
752
753
754
756
757
760
763
765
766
767
768
771
774
775
776
777
781
782
784
785
786
787
792
793
795
796
799
801
803
804
810
813
816
817
820
823
824
825
826
828
830
831
832
834
835
836
837
839
840
841
843
850
851
853
855
860
861
862
864
865
867
868
869
870
871
872
874
876
877
878
879
881
883
885
887
889
890
894
901
904
905
906
907
908
910
913
917
918
920
923
924
925
926
927
928
931
932
934
937
939
940
949
950
952
953
955
957
958
965
966
968
969
971
976
977
978
980
981
983
984
985
989
990
991
992
995
996
1000
1002
1004
1005
1006
1008
1011
1012
1016
1017
1018
1019
1020
1025
1027
1028
1031
1033
1034
1035
1038
1042
1043
1044
1045
1046
1047
1048
1051
1052
1053
1054
1056
1059
1060
1061
1062
1063
1065
1066
1068
1074
1076
1077
1078
1080
1081
1086
1087
1088
1089
1091
1092
1095
1097
1098
1102
1103
1105
1106
1107
1110
1112
1114
1115
1117
1118
1119
1121
1122
1124
1130
1132
1135
1137
1140
1142
1143
1145
1146
1150
1151
1153
1154
1159
1160
1167
1174
1175
1182
1183
1184
1188
1192
1193
1197
1200
1202
1203
1204
1205
1206
1207
1208
1211
1214
1217
1219
1220
1221
1222
1224
1226
1228
1230
1232
1233
1234
1235
1237
1238
1240
1242
1244
1248
1252
1253
1255
1256
1260
1263
1265
1267
1268
1269
1271
1276
1277
1279
1280
1283
1284
1287
1288
1290
1291
1292
1294
1296
1298
1299
1302
1303
1304
1305
1307
1308
1309
1310
1311
1312
1314
1316
1317
1318
1321
1322
1327
1328
1330
1339
1341
1343
1348
1350
1351
1355
1356
1357
1358
1359
1360
1361
1362
1363
1366
1367
1368
1370
1371
1372
1373
1375
1378
1380
1381
1386
1387
1388
1389
1391
1392
1393
1398
1399
1401
1403
1405
1406
1407
1409
1410
1412
1413
1414
1415
1416
1418
1420
1421
1422
1424
1425
1427
1429
1431
1433
1434
1435
1436
1438
1443
1444
1447
1448
1450
1452
1455
1456
1458
1459
1461
1462
1463
1464
1466
1468
1469
1473
1474
1475
1476
1479
1480
1482
1485
1486
1488
1489
1490
1491
1493
1494
1495
1496
1498
1499
1502
1504
1507
1508
1509
1511
1512
1517
1518
1524
1525
1526
1530
1532
1534
1538
1544
